diary on
A = rand(5,5)

A =

    0.2760    0.4984    0.7513    0.9593    0.8407
    0.6797    0.9597    0.2551    0.5472    0.2543
    0.6551    0.3404    0.5060    0.1386    0.8143
    0.1626    0.5853    0.6991    0.1493    0.2435
    0.1190    0.2238    0.8909    0.2575    0.9293

[L U P] = lu(A)

L =

    1.0000         0         0         0         0
    0.9638    1.0000         0         0         0
    0.1751   -0.0954    1.0000         0         0
    0.4061   -0.1858    0.7990    1.0000         0
    0.2392   -0.6084    0.9141   -0.5874    1.0000


U =

    0.6797    0.9597    0.2551    0.5472    0.2543
         0   -0.5846    0.2601   -0.3888    0.5692
         0         0    0.8711    0.1246    0.9391
         0         0         0    0.5653    0.0929
         0         0         0         0   -0.2749


P =

     0     1     0     0     0
     0     0     1     0     0
     0     0     0     0     1
     1     0     0     0     0
     0     0     0     1     0

norm(A,'inf')

ans =

    3.3257

A = 10*A

A =

    2.7603    4.9836    7.5127    9.5929    8.4072
    6.7970    9.5974    2.5510    5.4722    2.5428
    6.5510    3.4039    5.0596    1.3862    8.1428
    1.6261    5.8527    6.9908    1.4929    2.4352
    1.1900    2.2381    8.9090    2.5751    9.2926

diary on
diary 19-04.txt
A = rand(5,5)

A =

    0.3500    0.3517    0.2858    0.0759    0.1299
    0.1966    0.8308    0.7572    0.0540    0.5688
    0.2511    0.5853    0.7537    0.5308    0.4694
    0.6160    0.5497    0.3804    0.7792    0.0119
    0.4733    0.9172    0.5678    0.9340    0.3371

[L U P] = lu(A)

L =

    1.0000         0         0         0         0
    0.3191    1.0000         0         0         0
    0.4076    0.5511    1.0000         0         0
    0.7683    0.7550   -0.8238    1.0000         0
    0.5681    0.0600    0.1270   -0.5303    1.0000


U =

    0.6160    0.5497    0.3804    0.7792    0.0119
         0    0.6554    0.6358   -0.1947    0.5650
         0         0    0.2483    0.3205    0.1531
         0         0         0    0.7465    0.0275
         0         0         0         0    0.0844


P =

     0     0     0     1     0
     0     1     0     0     0
     0     0     1     0     0
     0     0     0     0     1
     1     0     0     0     0

norm(A,'inf')

ans =

    3.2294

A = 10*A

A =

    3.4998    3.5166    2.8584    0.7585    1.2991
    1.9660    8.3083    7.5720    0.5395    5.6882
    2.5108    5.8526    7.5373    5.3080    4.6939
    6.1604    5.4972    3.8045    7.7917    0.1190
    4.7329    9.1719    5.6782    9.3401    3.3712

P*A - L*U

ans =

    5.5444    4.9475    3.4240    7.0125    0.1071
    1.7694    7.4775    6.8148    0.4856    5.1194
    2.2598    5.2674    6.7836    4.7772    4.2245
    4.2596    8.2547    5.1104    8.4061    3.0341
    3.1499    3.1649    2.5726    0.6827    1.1692

