diary on
diary('Aula12-04-16_factAQR.txt')
A = rand(5)

A =

   7.5774e-01   7.0605e-01   8.2346e-01   4.3874e-01   4.8976e-01
   7.4313e-01   3.1833e-02   6.9483e-01   3.8156e-01   4.4559e-01
   3.9223e-01   2.7692e-01   3.1710e-01   7.6552e-01   6.4631e-01
   6.5548e-01   4.6171e-02   9.5022e-01   7.9520e-01   7.0936e-01
   1.7119e-01   9.7132e-02   3.4446e-02   1.8687e-01   7.5469e-01

[Q R] = qr(A)

Q =

  -5.7457e-01   7.2767e-01   1.6124e-01   3.3766e-01   1.8918e-02
  -5.6349e-01  -5.0363e-01  -4.7771e-01   3.6884e-01  -2.5412e-01
  -2.9741e-01   2.1350e-01  -3.0055e-01  -8.0233e-01  -3.6317e-01
  -4.9703e-01  -4.1089e-01   6.5817e-01  -2.8912e-01   2.5953e-01
  -1.2981e-01   4.9454e-02  -4.7145e-01  -1.5039e-01   8.5780e-01


R =

  -1.3188e+00  -5.4153e-01  -1.4357e+00  -1.1143e+00  -1.1752e+00
            0   5.4269e-01  -7.1760e-02  -2.6960e-02   1.5818e-02
            0            0   3.1471e-01   9.3667e-02  -2.1706e-01
            0            0            0  -5.8333e-01  -5.0742e-01
            0            0            0            0   4.9278e-01

format short e
Q'*Q

ans =

   1.0000e+00   1.6827e-16  -2.0817e-17  -3.1225e-17   2.7756e-17
   1.6827e-16   1.0000e+00   3.8164e-17  -1.3010e-17  -5.5511e-17
  -2.0817e-17   3.8164e-17   1.0000e+00  -1.2490e-16   2.7756e-16
  -3.1225e-17  -1.3010e-17  -1.2490e-16   1.0000e+00   5.5511e-17
   2.7756e-17  -5.5511e-17   2.7756e-16   5.5511e-17   1.0000e+00

diary('Aula12-04-16_factAQR.txt')
