A = rand(5,5)

A =

    0.7577    0.7060    0.8235    0.4387    0.4898
    0.7431    0.0318    0.6948    0.3816    0.4456
    0.3922    0.2769    0.3171    0.7655    0.6463
    0.6555    0.0462    0.9502    0.7952    0.7094
    0.1712    0.0971    0.0344    0.1869    0.7547

(L U P)=lu(A)
 (L U P)=lu(A)
    
{Error: Unexpected MATLAB expression.
} 
(L U P)-lu(A)
 (L U P)-lu(A)
    
{Error: Unexpected MATLAB expression.
} 
[L U P] = lu(A)

L =

    1.0000         0         0         0         0
    0.9807    1.0000         0         0         0
    0.8650    0.8547    1.0000         0         0
    0.5176    0.1340   -0.2813    1.0000         0
    0.2259    0.0944   -0.4216    0.4234    1.0000


U =

    0.7577    0.7060    0.8235    0.4387    0.4898
         0   -0.6606   -0.1128   -0.0487   -0.0347
         0         0    0.3343    0.4573    0.3154
         0         0         0    0.6736    0.4862
         0         0         0         0    0.5745


P =

     1     0     0     0     0
     0     1     0     0     0
     0     0     0     1     0
     0     0     1     0     0
     0     0     0     0     1

norm(A,'int')
{Error using <a href="matlab:matlab.internal.language.introspective.errorDocCallback('norm')" style="font-weight:bold">norm</a>
The only matrix norms available are 1, 2, inf, and 'fro'.
} 
norm(A,'inf')

ans =

    3.2158

A = 10*A

A =

    7.5774    7.0605    8.2346    4.3874    4.8976
    7.4313    0.3183    6.9483    3.8156    4.4559
    3.9223    2.7692    3.1710    7.6552    6.4631
    6.5548    0.4617    9.5022    7.9520    7.0936
    1.7119    0.9713    0.3445    1.8687    7.5469

diary('19-04.txt')
